paths:
  baseline: "data/raw/sample_submission_3.csv"
  output: "submissions/submission.csv"
  overlap_script: ""

tree_shape:
  trunk_w: 0.15
  trunk_h: 0.2
  base_w: 0.7
  mid_w: 0.4
  top_w: 0.25
  tip_y: 0.8
  tier_1_y: 0.5
  tier_2_y: 0.25
  base_y: 0.0
  trunk_bottom_y: -0.2

sa_params:
  Tmax: 0.001
  Tmin: 0.000001
  nsteps: 180
  nsteps_per_T: 10000
  position_delta: 0.002
  angle_delta: 1.0
  angle_delta2: 1.0
  delta_t: 0.002
  random_seed_base: 42

multi_start:
  restarts: 3
  seed_stride: 500
  jitter_xy: 0.03
  jitter_deg: 5.0
  jitter_ab: 0.03

polish:
  enabled: true
  Tmax: 0.0002
  Tmin: 0.0000002
  nsteps: 60
  nsteps_per_T: 4000
  position_delta: 0.001
  angle_delta: 0.4
  angle_delta2: 0.4
  delta_t: 0.001

initial_state:
  seeds:
    - [-4.191683864412409, -4.498489528496051, 74.54421568660419]
    - [-4.92202045352307, -4.727639556649786, 254.5401905706735]
  translation_a: 0.8744896974945239
  translation_b: 0.7499641699190263

grid_search:
  col_min: 2
  col_max: 11
  row_max_limit: 15
  max_trees: 200
